===== DATASET SUMMARY =====

               unit         cycle          op_1          op_2          op_3      sensor_1      sensor_2      sensor_3      sensor_4      sensor_5      sensor_6      sensor_7      sensor_8      sensor_9     sensor_10     sensor_11     sensor_12     sensor_13     sensor_14     sensor_15     sensor_16     sensor_17     sensor_18     sensor_19     sensor_20     sensor_21           RUL
count  33991.000000  33991.000000  33991.000000  33991.000000  33991.000000  33991.000000  33991.000000  33991.000000  33991.000000  33991.000000  33991.000000  33991.000000  33991.000000  33991.000000  33991.000000  33991.000000  33991.000000  33991.000000  33991.000000  33991.000000  33991.000000  33991.000000  33991.000000  33991.000000  33991.000000  33991.000000  33991.000000
mean     127.528346     81.223647     23.975176      0.571154     94.066665    472.930049    579.591704   1418.562090   1203.086538      8.039014     11.611322    283.077917   2229.054574   8521.509162      1.095394     42.910071    266.499351   2334.696674   8063.638811      9.315214      0.023141    347.938807   2229.025301     97.764616     20.839067     12.503918     70.757377
std       74.144727     58.892845     14.778958      0.310998     14.217415     26.454686     37.338929    105.979169    119.039415      3.623831      5.446876    146.487279    145.125738    335.795764      0.127704      3.227515    138.104790    127.888432     83.829038      0.747609      0.004642     27.759465    145.235683      5.356411      9.908785      5.944582     42.386371
min        1.000000      1.000000      0.000000      0.000000     60.000000    445.000000    535.410000   1245.160000   1030.090000      3.910000      5.710000    137.020000   1914.900000   7987.740000      0.930000     36.180000    129.310000   2027.790000   7851.310000      8.330200      0.020000    303.000000   1915.000000     84.930000     10.180000      6.123100      0.000000
25%       65.000000     34.000000     10.004600      0.250600    100.000000    449.440000    549.480000   1351.640000   1122.520000      5.480000      8.000000    174.335000   2211.870000   8320.120000      1.020000     41.870000    163.775000   2387.890000   8061.375000      8.663500      0.020000    330.000000   2212.000000    100.000000     13.990000      8.407150     33.000000
50%      128.000000     70.000000     25.001300      0.700000    100.000000    462.540000    555.830000   1367.370000   1134.160000      7.050000      9.030000    194.740000   2223.030000   8355.510000      1.020000     42.240000    183.260000   2388.060000   8080.280000      9.303500      0.020000    334.000000   2223.000000    100.000000     14.900000      8.938800     69.000000
75%      189.000000    119.000000     35.008000      0.840000    100.000000    491.190000    607.260000   1498.300000   1305.455000     10.520000     15.490000    394.320000   2323.940000   8776.290000      1.260000     45.310000    371.450000   2388.130000   8125.840000      9.374500      0.030000    369.000000   2324.000000    100.000000     28.520000     17.111200    118.000000
max      259.000000    367.000000     42.008000      0.842000    100.000000    518.670000    644.320000   1609.690000   1434.120000     14.620000     21.610000    555.970000   2388.340000   9179.620000      1.300000     48.280000    523.220000   2389.960000   8243.100000     11.030000      0.030000    398.000000   2388.000000    100.000000     39.320000     23.614100    125.000000
